100
5 4
6 2
5 1
7 4
16 5
13 2
13 1
20 3
14 4
1 5
14 2
14 4
10 4
10 2
2 1
20 5
9 1
15 4
13 3
3 1
18 1
19 2
4 3
20 5
20 2
5 2
11 1
7 1
10 5
14 4
17 4
5 5
8 5
12 5
8 4
1 1
3 5
6 2
10 1
19 2
9 1
13 5
12 2
20 4
2 1
5 5
5 5
5 5
4 4
4 4
15 3
14 5
12 1
4 1
6 3
15 3
2 3
13 4
10 2
10 5
13 4
2 5
13 3
13 4
4 5
6 4
14 2
1 2
6 2
19 2
18 3
8 1
12 1
20 3
11 5
12 4
6 4
9 2
11 4
3 3
14 2
13 4
13 3
4 2
6 4
18 3
4 3
13 1
12 4
7 5
16 4
4 4
13 2
17 2
18 3
2 1
3 3
11 3
19 1
9 2