90
18 5
10 5
19 3
18 1
5 1
6 4
16 4
9 2
19 1
3 2
18 3
19 4
6 3
15 2
4 4
5 4
17 1
13 4
15 3
13 4
6 2
11 3
1 3
7 3
11 1
17 2
2 1
19 5
3 3
3 2
15 1
7 3
5 3
14 4
11 3
6 3
9 5
4 5
7 4
8 5
17 2
1 4
19 5
4 5
12 5
16 1
3 2
8 3
10 1
19 1
19 4
6 1
17 1
14 3
4 5
1 4
13 4
6 3
17 3
6 1
2 3
16 2
2 3
8 2
7 2
13 3
20 1
2 3
10 5
5 5
11 3
6 3
17 5
7 2
12 1
3 4
6 4
19 4
17 4
17 2
13 4
19 3
4 1
15 2
19 5
16 1
16 5
19 2
20 1
19 5