100
13 1
16 3
2 1
9 2
16 2
19 5
12 3
17 1
13 5
9 4
9 5
18 1
17 2
4 5
9 2
5 4
17 1
5 1
15 1
17 1
16 1
13 5
20 5
3 3
11 3
5 5
16 3
12 4
17 1
10 1
8 2
13 1
16 2
11 5
14 2
13 3
4 2
10 5
5 3
16 1
4 5
11 4
20 2
10 4
4 4
20 5
8 1
17 2
5 1
13 2
9 4
20 3
13 2
18 5
9 3
4 1
16 2
2 5
1 2
13 1
19 3
16 4
13 5
11 5
15 5
13 5
10 1
6 1
17 4
3 2
18 4
13 4
20 1
17 1
11 4
15 4
10 5
2 5
14 3
11 5
11 4
4 5
9 2
13 2
15 3
2 4
17 2
19 3
20 4
17 3
7 4
2 2
19 1
4 4
10 4
15 2
20 3
7 4
16 1
4 5