95
18 4
19 2
9 5
8 5
10 3
5 5
5 2
14 1
5 4
8 4
6 4
10 3
18 4
4 1
15 3
2 4
1 1
11 1
9 2
3 3
16 5
17 3
3 2
18 1
5 2
11 3
3 5
6 3
4 2
19 5
5 4
9 2
13 5
13 1
16 3
9 3
19 1
10 3
13 5
18 5
19 4
11 4
16 1
16 3
14 3
20 2
17 2
10 3
17 4
20 2
17 2
6 3
11 3
4 2
20 2
6 5
13 5
1 2
19 5
4 4
6 1
18 4
11 5
13 1
9 3
18 2
5 3
2 3
11 4
6 5
19 2
3 2
15 3
15 1
19 2
7 1
11 1
4 2
12 5
3 3
20 5
10 5
20 4
8 5
17 1
12 2
8 4
2 1
17 2
11 4
6 2
19 3
2 1
17 5
12 3